,Date,Open,High,Low,Close,Adj Close,Volume,Year
0,19-06,27.280001000000002,27.280001000000002,26.860001,26.98,24.647904999999998,5977320,2018
1,20-06,27.23,27.719998999999998,27.09,27.719998999999998,25.323942000000002,7834273,2018
2,21-06,28.02,28.049999,27.610001,27.85,25.442707000000002,10838323,2018
3,22-06,28.0,28.74,27.889999,28.65,26.173555,8755923,2018
4,25-06,28.82,28.940001000000002,28.25,28.35,25.899488,7395380,2018
5,26-06,28.190001000000002,28.639999,28.1,28.450001,25.990845,4636045,2018
6,27-06,28.549999,28.59,28.299999,28.48,26.018251,3836967,2018
7,28-06,28.440001000000002,28.780001000000002,28.26,28.66,26.182692000000003,6037967,2018
8,29-06,28.639999,28.790001,28.24,28.24,25.798994,9829842,2018
9,02-07,28.35,28.35,27.799999,27.83,25.424437,5539825,2018
10,03-07,27.99,28.18,27.799999,28.08,25.652826,4170953,2018
11,04-07,28.1,28.18,27.950001,28.1,25.671097,5490267,2018
12,05-07,28.219998999999998,28.530001000000002,28.110001,28.43,25.972572,6642079,2018
13,06-07,28.5,28.99,28.43,28.99,26.484169,6011828,2018
14,09-07,29.0,29.23,28.965,29.1,26.584659999999996,3822288,2018
15,10-07,29.26,29.32,28.6,28.799999,26.310591,5400420,2018
16,11-07,28.65,28.690001000000002,28.389999,28.57,26.100471,5264935,2018
17,12-07,28.73,29.25,28.700001,29.200001,26.676015999999997,8618119,2018
18,13-07,29.200001,29.4,28.82,29.01,26.502439000000003,5601868,2018
19,16-07,29.030001000000002,29.129998999999998,28.790001,28.940001000000002,26.43849,3504240,2018
20,17-07,28.99,29.17,28.84,28.93,26.429353999999996,4468522,2018
21,18-07,29.01,29.07,28.92,29.02,26.511574,3347090,2018
22,19-07,29.200001,29.360001,28.93,29.209999,26.68515,4740486,2018
23,20-07,29.209999,29.4,29.155001000000002,29.360001,26.822187,3580359,2018
24,23-07,29.299999,29.34,29.07,29.120001000000002,26.602932,3479067,2018
25,24-07,29.379998999999998,29.379998999999998,29.200001,29.219998999999998,26.694285999999998,2812869,2018
26,25-07,29.219998999999998,29.219998999999998,28.959999,29.120001000000002,26.602932,4055906,2018
27,26-07,29.08,29.16,28.785,29.01,26.502439000000003,4904443,2018
28,27-07,29.280001000000002,29.48,29.209999,29.48,26.93181,7335179,2018
29,30-07,29.299999,29.32,29.18,29.32,26.785643,2050795,2018
30,31-07,29.4,29.49,29.25,29.299999,26.76737,4337675,2018
31,01-08,29.299999,29.33,28.985001,29.07,26.557251,3648818,2018
32,02-08,29.200001,29.209999,28.85,28.91,26.411083,4133896,2018
33,03-08,29.040001,29.1,28.59,28.639999,26.164419,4451700,2018
34,06-08,28.84,28.99,28.719998999999998,28.92,26.420218,3095288,2018
35,07-08,28.99,29.09,28.940001000000002,29.09,26.575522999999997,5597067,2018
36,08-08,29.200001,29.299999,28.76,28.82,26.328861,5211524,2018
37,09-08,28.940001000000002,29.290001,28.809998999999998,29.17,26.648609000000004,3838818,2018
38,10-08,29.280001000000002,29.4,29.120001000000002,29.309998999999998,26.776506,3956320,2018
39,13-08,29.23,29.23,29.059998999999998,29.17,26.648609000000004,4814684,2018
40,14-08,29.360001,29.700001,29.25,29.639999,27.077982000000002,6744724,2018
41,15-08,29.77,30.15,29.690001000000002,30.15,27.5439,7187667,2018
42,16-08,30.1,30.190001000000002,29.91,30.059998999999998,27.461678999999997,6704779,2018
43,17-08,30.1,30.389999,29.969998999999998,30.280001000000002,27.662664000000003,4815777,2018
44,20-08,30.35,30.35,30.01,30.049999,27.452543,3484442,2018
45,21-08,30.01,30.040001,29.450001,29.51,26.959221000000003,4354004,2018
46,22-08,29.5,29.530001000000002,29.049999,29.219998999999998,26.694285999999998,3269172,2018
47,23-08,29.1,29.110001,28.59,28.719998999999998,26.237505,7531725,2018
48,24-08,28.629998999999998,28.889999,28.07,28.5,26.036522,8914773,2018
49,27-08,28.58,28.610001,28.32,28.52,26.054794,3424585,2018
50,28-08,28.709999,28.98,28.639999,28.780001000000002,26.292317999999998,3858164,2018
51,29-08,28.99,29.43,28.9,29.43,26.886134999999996,7657707,2018
52,30-08,29.59,29.6,29.200001,29.389999,26.849590000000003,6752880,2018
53,31-08,29.299999,29.59,29.27,29.5,26.950083000000003,8074726,2018
54,03-09,29.530001000000002,29.530001000000002,29.165001,29.209999,26.68515,2558523,2018
55,04-09,29.129998999999998,29.16,28.690001000000002,28.799999,26.310591,3585014,2018
56,05-09,28.780001000000002,28.780001000000002,28.549999,28.59,26.118742,2973465,2018
57,06-09,28.5,28.66,28.360001,28.530001000000002,26.063931,4495929,2018
58,07-09,28.549999,28.73,28.24,28.4,25.945166,3347541,2018
59,10-09,28.25,28.360001,28.16,28.26,25.817268,2266582,2018
60,11-09,28.34,28.67,28.33,28.58,26.109606,3273782,2018
61,12-09,28.48,28.59,28.309998999999998,28.370001000000002,25.917759,2872094,2018
62,13-09,28.209999,28.290001,28.030001000000002,28.059998999999998,25.634554,3593758,2018
63,14-09,28.09,28.280001000000002,28.09,28.15,25.716773999999997,3996645,2018
64,17-09,28.1,28.43,28.049999,28.4,25.945166,3426323,2018
65,18-09,28.290001,28.639999,28.25,28.389999,25.936029,4835921,2018
66,19-09,28.450001,28.67,28.32,28.66,26.182692000000003,4610610,2018
67,20-09,28.610001,28.780001000000002,28.290001,28.42,25.963435999999998,7860581,2018
68,21-09,28.4,28.65,28.370001000000002,28.459999,25.999979,7845059,2018
69,24-09,28.5,28.700001,28.41,28.58,26.109606,3617768,2018
70,25-09,28.540001,28.58,28.15,28.219998999999998,25.780724,3336209,2018
71,26-09,28.23,28.280001000000002,27.879998999999998,27.959999,25.543196,3302764,2018
72,27-09,27.860001,27.950001,27.77,27.790001,25.387894,4733938,2018
73,28-09,27.709999,28.52,27.605,28.18,25.744183,9540554,2018
74,01-10,27.799999,28.02,27.559998999999998,27.73,25.333078,3266730,2018
75,02-10,27.799999,27.9,27.34,27.49,25.113823,4887359,2018
76,03-10,27.49,27.635,27.370001000000002,27.440001000000002,25.068146,3607643,2018
77,04-10,27.629998999999998,27.799999,27.549999,27.610001,25.223451999999998,3437601,2018
78,05-10,27.610001,27.93,27.49,27.719998999999998,25.323942000000002,4037968,2018
79,08-10,27.469998999999998,27.48,26.9,26.99,24.657042,5750649,2018
80,09-10,27.0,27.32,26.73,26.83,24.510873999999998,5956716,2018
81,10-10,26.860001,27.0,26.48,26.879998999999998,24.556549,6206737,2018
82,11-10,26.42,26.549999,26.01,26.01,23.761753,8552396,2018
83,12-10,25.799999,26.01,25.620001000000002,25.91,23.670395000000003,8826976,2018
84,15-10,25.719998999999998,25.84,25.219998999999998,25.43,23.231888,5122070,2018
85,16-10,25.43,25.83,25.4,25.549999,23.341510999999997,6295699,2018
86,17-10,25.889999,26.0,25.639999,25.809998999999998,23.579039,3941183,2018
87,18-10,26.0,26.014999,25.719998999999998,25.879998999999998,23.642988,5000100,2018
88,19-10,25.73,26.059998999999998,25.6,26.040001,23.78916,3901774,2018
89,22-10,25.99,26.110001,25.74,25.790001,23.560768,3910242,2018
90,23-10,25.73,25.75,25.290001,25.290001,23.103989000000002,5035461,2018
91,24-10,25.25,25.67,25.23,25.450001,23.250158,4335550,2018
92,25-10,25.139999,25.27,24.799999,24.799999,22.656342000000002,6046314,2018
93,26-10,24.99,25.120001000000002,24.68,24.91,22.756832,7008678,2018
94,29-10,25.02,25.309998999999998,24.85,25.200001,23.021767,3065002,2018
95,30-10,25.110001,25.67,25.040001,25.66,23.442007,5374771,2018
96,31-10,25.799999,26.155001000000002,25.65,25.93,23.688667000000002,8438547,2018
97,01-11,26.18,26.18,25.59,25.85,23.615582999999997,7517907,2018
98,02-11,25.85,25.85,25.34,25.530001000000002,23.323242,4797276,2018
99,05-11,25.549999,26.030001000000002,25.389999,25.82,23.588175,5055041,2018
100,06-11,25.969998999999998,26.200001,25.83,26.15,23.88965,3800013,2018
101,07-11,26.219998999999998,26.58,26.209999,26.450001,24.163719,7760404,2018
102,08-11,26.67,27.049999,26.6,27.049999,24.711857000000002,10341246,2018
103,09-11,27.389999,27.415001,26.969998999999998,27.129998999999998,24.784941,8955886,2018
104,12-11,26.299999,26.33,26.07,26.33,24.784943,8094853,2018
105,13-11,26.09,26.15,25.700001,26.01,24.483721,8696188,2018
106,14-11,26.18,26.18,25.379998999999998,25.4,23.909515,6695645,2018
107,15-11,25.27,25.469998999999998,24.950001,25.389999,23.900103,7370002,2018
108,16-11,25.379998999999998,25.620001000000002,25.360001,25.360001,23.871862,4656498,2018
109,19-11,25.299999,25.389999,25.040001,25.16,23.683598999999997,4917226,2018
110,20-11,24.92,25.299999,24.870001000000002,25.299999,23.815382,6952637,2018
111,21-11,24.950001,25.48,24.92,25.42,23.928341,5569134,2018
112,22-11,25.58,25.870001000000002,25.290001,25.75,24.238976,8546023,2018
113,23-11,25.75,26.35,25.66,26.34,24.794355,6654823,2018
114,26-11,26.299999,26.620001000000002,26.25,26.41,24.860249,8762024,2018
115,27-11,26.639999,26.959999,26.26,26.959999,25.377974,8817582,2018
116,28-11,26.959999,27.08,26.690001000000002,26.959999,25.377974,6992248,2018
117,29-11,27.5,27.5,27.059998999999998,27.15,25.556824,7933699,2018
118,30-11,27.15,27.17,26.73,26.799999,25.227362,10461199,2018
119,03-12,26.940001000000002,27.1,26.700001,26.719998999999998,25.152058,5112860,2018
120,04-12,26.549999,26.725,26.360001,26.360001,24.813183,5478692,2018
121,05-12,25.719998999999998,26.23,25.719998999999998,26.17,24.634332999999998,4293996,2018
122,06-12,26.17,26.200001,25.57,25.67,24.163671,7488881,2018
123,07-12,25.6,26.059998999999998,25.450001,25.709999,24.201324,4856795,2018
124,10-12,25.33,25.41,24.639999,24.639999,23.194111,7762781,2018
125,11-12,24.700001,24.91,24.51,24.77,23.316484,5467652,2018
126,12-12,24.98,25.360001,24.75,25.200001,23.721252,6760367,2018
127,13-12,25.190001000000002,25.690001000000002,25.08,25.49,23.994234,5092491,2018
128,14-12,25.360001,25.49,24.799999,24.799999,23.344723000000002,8568055,2018
129,17-12,24.57,24.6,24.129998999999998,24.41,22.977608,8361507,2018
130,18-12,24.1,24.17,23.690001000000002,23.690001000000002,22.29986,9054005,2018
131,19-12,23.610001,24.16,23.610001,23.940001000000002,22.535189000000003,6495551,2018
132,20-12,23.57,23.950001,23.49,23.549999,22.168074,9803639,2018
133,21-12,23.57,23.85,23.110001,23.299999,21.932743,17554826,2018
134,24-12,23.0,23.42,22.98,23.360001,21.989225,2603196,2018
135,27-12,23.66,23.73,23.299999,23.700001,22.309273,5130983,2018
136,28-12,23.709999,24.34,23.639999,24.34,22.911716000000002,4948509,2018
137,31-12,24.450001,24.76,24.35,24.459999,23.024673,3841855,2018
