,Date,Open,High,Low,Close,Adj Close,Volume,Year,High-Low Diff,Open-Close Diff
0,19-06,28.450001,28.719998999999998,28.41,28.67,27.796246999999997,4496837,2019,0.3099989999999977,0.2199990000000014
1,20-06,28.870001000000002,28.950001,28.610001,28.879998999999998,27.999846,7971328,2019,0.33999999999999986,0.009997999999995955
2,21-06,28.799999,28.85,28.41,28.540001,27.670209999999997,8435965,2019,0.4400000000000013,-0.2599979999999995
3,24-06,28.52,28.719998999999998,28.42,28.68,27.805943,2594749,2019,0.29999899999999613,0.16000000000000014
4,25-06,28.540001,28.690001000000002,28.360001,28.450001,27.582952000000002,5151976,2019,0.33000000000000185,-0.08999999999999986
5,26-06,28.379998999999998,28.43,28.129998999999998,28.15,27.292095,5816499,2019,0.30000100000000174,-0.2299989999999994
6,27-06,28.16,28.379998999999998,28.059998999999998,28.379998999999998,27.515085,4500162,2019,0.3200000000000003,0.21999899999999784
7,28-06,28.32,28.620001000000002,28.139999,28.209999,27.350265999999998,10031978,2019,0.4800020000000025,-0.11000100000000046
8,01-07,28.5,28.530001000000002,28.1,28.280001000000002,27.418133,4239651,2019,0.43000100000000074,-0.21999899999999784
9,02-07,28.360001,28.43,27.709999,27.870001000000002,27.020628000000002,6316713,2019,0.7200009999999999,-0.48999999999999844
10,03-07,27.700001,27.950001,27.450001,27.790001,26.943068,5314763,2019,0.5,0.08999999999999986
11,04-07,27.959999,28.285,27.91,28.16,27.301790000000004,4764310,2019,0.375,0.20000100000000032
12,05-07,28.25,28.290001,28.059998999999998,28.15,27.292095,4483767,2019,0.23000200000000248,-0.10000000000000142
13,08-07,28.15,28.209999,27.809998999999998,27.879998999999998,27.030323,3179608,2019,0.40000000000000213,-0.2700010000000006
14,09-07,27.690001000000002,27.780001000000002,27.535,27.690001000000002,26.846115,3961751,2019,0.24500100000000202,0.0
15,10-07,27.75,27.98,27.530001000000002,27.530001000000002,26.690990000000003,4628606,2019,0.44999899999999826,-0.21999899999999784
16,11-07,27.450001,27.48,27.17,27.32,26.487391,7185390,2019,0.3099999999999987,-0.13000100000000003
17,12-07,27.309998999999998,27.5,27.25,27.27,26.438913,4409631,2019,0.25,-0.03999899999999812
18,15-07,27.17,27.24,26.879998999999998,27.0,26.177143,4602805,2019,0.36000100000000046,-0.1700000000000017
19,16-07,27.0,27.059998999999998,26.889999,26.99,26.167445999999998,2909547,2019,0.16999999999999815,-0.010000000000001563
20,17-07,26.879998999999998,27.290001,26.85,27.190001000000002,26.361353,5141569,2019,0.44000099999999875,0.31000200000000433
21,18-07,27.18,27.215,26.93,27.120001000000002,26.293485999999998,3630224,2019,0.28500000000000014,-0.05999899999999769
22,19-07,27.209999,27.48,27.195,27.379998999999998,26.545561,3624244,2019,0.28500000000000014,0.16999999999999815
23,22-07,27.370001000000002,27.48,27.18,27.370001000000002,26.535868,3895711,2019,0.3000000000000007,0.0
24,23-07,27.4,27.485001,27.309998999999998,27.43,26.594038,4545024,2019,0.17500200000000277,0.030000000000001137
25,24-07,27.549999,27.83,27.52,27.65,26.807333,5451446,2019,0.3099999999999987,0.1000009999999989
26,25-07,27.809998999999998,27.99,27.68,27.959999,27.107883,4564918,2019,0.3099999999999987,0.15000000000000213
27,26-07,27.92,27.98,27.700001,27.780001000000002,26.933371,6581160,2019,0.2799990000000001,-0.13999899999999954
28,29-07,27.889999,27.959999,27.629998999999998,27.85,27.001238,4969573,2019,0.33000000000000185,-0.03999899999999812
29,30-07,27.969998999999998,28.040001,27.74,28.0,27.146665999999996,4128512,2019,0.30000100000000174,0.030001000000002165
30,31-07,27.99,28.040001,27.85,27.91,27.059408,5952782,2019,0.19000099999999875,-0.0799999999999983
31,01-08,27.700001,28.135,27.68,28.01,27.156360999999997,3865724,2019,0.45500000000000185,0.30999900000000125
32,02-08,27.780001000000002,27.799999,27.459999,27.790001,26.943068,4174010,2019,0.33999999999999986,0.00999999999999801
33,05-08,27.77,27.799999,27.225,27.309998999999998,26.477694,4900534,2019,0.5749989999999983,-0.4600010000000019
34,06-08,26.66,26.879998999999998,26.370001000000002,26.719998999999998,25.905676,6451575,2019,0.509997999999996,0.05999899999999769
35,07-08,26.6,27.049999,26.51,26.93,26.109276,5787846,2019,0.5399989999999981,0.3299999999999983
36,08-08,26.65,26.9,26.52,26.809998999999998,25.992931,7043287,2019,0.379999999999999,0.15999899999999911
37,09-08,26.93,27.08,26.82,27.0,26.177143,3574197,2019,0.259999999999998,0.07000000000000028
38,12-08,26.969998999999998,27.16,26.889999,27.16,26.332265999999997,2551678,2019,0.2700010000000006,0.1900010000000023
39,13-08,27.1,27.200001,26.889999,27.01,26.186838,4044409,2019,0.3100020000000008,-0.08999999999999986
40,14-08,27.1,27.18,26.82,27.030001000000002,26.206228,3071737,2019,0.35999999999999943,-0.06999899999999926
41,15-08,26.5,26.700001,26.16,26.23,25.430609,7680824,2019,0.5400010000000002,-0.2699999999999996
42,16-08,26.18,26.440001000000002,26.08,26.389999,25.585732,4948626,2019,0.360001000000004,0.20999899999999982
43,19-08,26.51,26.790001,26.51,26.719998999999998,25.905676,4729992,2019,0.2800009999999986,0.20999899999999627
44,20-08,26.700001,26.870001000000002,26.559998999999998,26.68,25.866896,4779599,2019,0.31000200000000433,-0.0200010000000006
45,21-08,26.49,26.549999,26.27,26.370001000000002,25.566343,4550499,2019,0.2799990000000001,-0.11999899999999641
46,22-08,26.549999,26.67,26.379998999999998,26.58,25.769941,3808648,2019,0.29000100000000373,0.030000999999998612
47,23-08,26.5,26.67,26.4,26.639999,25.828114000000003,3382810,2019,0.2700000000000031,0.13999899999999954
48,26-08,26.0,26.27,25.91,26.27,25.469391,5929913,2019,0.35999999999999943,0.2699999999999996
49,27-08,26.290001,26.565001000000002,26.24,26.379998999999998,25.576036,5502780,2019,0.32500100000000387,0.0899979999999978
50,28-08,26.16,26.280001000000002,26.120001000000002,26.24,25.440304,5071140,2019,0.16000000000000014,0.0799999999999983
51,29-08,26.26,26.43,26.17,26.32,25.517866,3918001,2019,0.259999999999998,0.05999999999999872
52,30-08,26.57,26.84,26.48,26.74,25.925066,8009807,2019,0.35999999999999943,0.16999999999999815
53,02-09,26.65,26.780001000000002,26.549999,26.709999,25.895979,2006984,2019,0.23000200000000248,0.059999000000001246
54,03-09,26.66,26.85,26.584999,26.68,25.866896,2873187,2019,0.2650010000000016,0.019999999999999574
55,04-09,26.379998999999998,26.59,26.27,26.58,25.769941,4667158,2019,0.3200000000000003,0.20000100000000032
56,05-09,26.6,26.975,26.58,26.879998999999998,26.060799,3864243,2019,0.3950000000000031,0.27999899999999656
57,06-09,26.9,27.155001000000002,26.9,27.07,26.245008000000002,3782169,2019,0.2550010000000036,0.1700000000000017
58,09-09,27.059998999999998,27.33,26.92,27.200001,26.371048,3099121,2019,0.4099999999999966,0.14000200000000262
59,10-09,27.35,27.5,27.16,27.23,26.400133,3971208,2019,0.33999999999999986,-0.120000000000001
60,11-09,27.389999,27.57,27.299999,27.459999,26.623123,5255508,2019,0.2700010000000006,0.07000000000000028
61,12-09,27.67,27.76,27.559998999999998,27.59,26.749160999999997,4720227,2019,0.20000100000000387,-0.08000000000000185
62,13-09,27.75,27.85,27.6,27.85,27.001238,4384027,2019,0.25,0.10000000000000142
63,16-09,27.719998999999998,27.76,27.5,27.6,26.758858,5067325,2019,0.26000000000000156,-0.11999899999999641
64,17-09,27.51,27.75,27.51,27.75,26.904284999999998,4750838,2019,0.23999999999999844,0.23999999999999844
65,18-09,27.799999,27.84,27.559998999999998,27.690001000000002,26.846115,4855346,2019,0.28000100000000216,-0.10999799999999738
66,19-09,27.85,28.07,27.799999,27.83,26.981848,9796613,2019,0.2700010000000006,-0.020000000000003126
67,20-09,27.959999,28.0,27.815001000000002,27.91,27.059408,7518047,2019,0.1849989999999977,-0.04999899999999968
68,23-09,27.99,28.059998999999998,27.889999,27.93,27.0788,2713048,2019,0.16999999999999815,-0.05999999999999872
69,24-09,27.99,28.35,27.959999,28.280001000000002,27.418133,6335892,2019,0.3900010000000016,0.29000100000000373
70,25-09,28.110001,28.57,28.059998999999998,28.4,27.534475,6124908,2019,0.5100010000000026,0.2899989999999981
71,26-09,28.41,28.5,28.25,28.4,27.534475,5522671,2019,0.25,-0.010000000000001563
72,27-09,28.48,28.68,28.459999,28.68,27.805943,7381369,2019,0.2200009999999999,0.1999999999999993
73,30-09,28.65,28.790001,28.5,28.52,27.65082,4883008,2019,0.2900010000000002,-0.129999999999999
74,01-10,28.450001,28.67,28.415001,28.49,27.621733000000003,4519383,2019,0.25499900000000153,0.03999899999999812
75,02-10,28.360001,28.370001000000002,27.959999,28.049999,27.195140999999996,5439446,2019,0.4100020000000022,-0.3100020000000008
76,03-10,27.549999,27.65,27.110001,27.299999,26.467999,9155289,2019,0.5399989999999981,-0.25
77,04-10,27.33,27.4,27.1,27.17,26.341960999999998,4610752,2019,0.29999999999999716,-0.1599999999999966
78,07-10,27.450001,27.459999,27.200001,27.299999,26.467999,2513602,2019,0.2599979999999995,-0.15000200000000063
79,08-10,27.49,27.530001000000002,27.24,27.42,26.584343,4192232,2019,0.29000100000000373,-0.06999999999999673
80,09-10,27.16,27.18,27.01,27.09,26.2644,4511412,2019,0.16999999999999815,-0.07000000000000028
81,10-10,27.1,27.23,27.0,27.18,26.351656,3070649,2019,0.23000000000000043,0.0799999999999983
82,11-10,27.370001000000002,27.530001000000002,27.309998999999998,27.49,26.652208,4771853,2019,0.22000200000000447,0.11999899999999641
83,14-10,27.66,27.879998999999998,27.620001000000002,27.67,26.826722999999998,3712752,2019,0.25999799999999595,0.010000000000001563
84,15-10,27.73,27.860001,27.690001000000002,27.83,26.981848,2721378,2019,0.16999999999999815,0.09999999999999787
85,16-10,27.959999,28.25,27.940001000000002,28.16,27.301790000000004,4592927,2019,0.3099989999999977,0.20000100000000032
86,17-10,28.15,28.280001000000002,27.889999,27.950001,27.098190000000002,5168781,2019,0.3900020000000026,-0.19999899999999826
87,18-10,27.85,27.889999,27.58,27.76,26.91398,3300194,2019,0.30999900000000125,-0.08999999999999986
88,21-10,27.65,27.75,27.52,27.709999,26.865503000000004,2988423,2019,0.23000000000000043,0.059999000000001246
89,22-10,27.860001,27.9,27.73,27.83,26.981848,3390569,2019,0.16999999999999815,-0.030001000000002165
90,23-10,27.9,27.93,27.700001,27.889999,27.040018,2469384,2019,0.2299989999999994,-0.010000999999999038
91,24-10,27.99,28.08,27.82,27.879998999999998,27.030323,4105698,2019,0.259999999999998,-0.11000100000000046
92,25-10,27.93,28.040001,27.889999,28.030001000000002,27.175753000000004,4346294,2019,0.15000200000000063,0.10000100000000245
93,28-10,28.040001,28.07,27.940001000000002,28.030001000000002,27.175753000000004,2905878,2019,0.12999899999999798,-0.00999999999999801
94,29-10,28.059998999999998,28.1,27.870001000000002,27.93,27.0788,3072469,2019,0.2299989999999994,-0.12999899999999798
95,30-10,27.860001,27.93,27.51,27.639999,26.797635999999997,4663705,2019,0.41999999999999815,-0.22000200000000092
96,31-10,27.01,27.139999,26.58,26.74,25.925066,14236157,2019,0.5599990000000012,-0.2700000000000031
97,01-11,26.48,26.5,26.049999,26.190001000000002,25.391829,11845393,2019,0.4500010000000003,-0.2899989999999981
98,04-11,26.200001,26.24,25.950001,25.950001,25.159143,11251279,2019,0.2899989999999981,-0.25
99,05-11,26.02,26.16,26.01,26.040001,25.246401000000002,6707022,2019,0.14999999999999858,0.0200010000000006
100,06-11,26.040001,26.16,26.0,26.0,25.207619,8981546,2019,0.16000000000000014,-0.040001000000000175
101,07-11,26.01,26.23,25.969998999999998,26.110001,25.314266,9715457,2019,0.2600010000000026,0.1000009999999989
102,08-11,26.25,26.290001,26.16,26.25,25.449999,8996951,2019,0.13000100000000003,0.0
103,11-11,25.459999,25.65,25.43,25.58,25.58,10137172,2019,0.21999999999999886,0.12000099999999847
104,12-11,25.610001,25.74,25.25,25.34,25.34,8172561,2019,0.48999999999999844,-0.2700010000000006
105,13-11,25.4,25.49,25.200001,25.200001,25.200001,10195802,2019,0.2899989999999981,-0.19999899999999826
106,14-11,25.190001000000002,25.42,25.049999,25.32,25.32,7682531,2019,0.370001000000002,0.12999899999999798
107,15-11,25.389999,25.459999,25.25,25.41,25.41,4839464,2019,0.20999899999999982,0.0200010000000006
108,18-11,25.5,25.540001,25.219998999999998,25.299999,25.299999,4332041,2019,0.32000200000000234,-0.20000100000000032
109,19-11,25.299999,25.42,25.200001,25.42,25.42,6036835,2019,0.2199990000000014,0.12000100000000202
110,20-11,25.25,25.290001,24.870001000000002,24.9,24.9,8128204,2019,0.41999999999999815,-0.3500000000000014
111,21-11,24.790001,25.0,24.66,24.809998999999998,24.809998999999998,9329722,2019,0.33999999999999986,0.019997999999997518
112,22-11,24.75,24.879998999999998,24.559998999999998,24.860001,24.860001,7850045,2019,0.3200000000000003,0.11000100000000046
113,25-11,24.92,25.09,24.780001000000002,24.83,24.83,5226110,2019,0.3099989999999977,-0.09000000000000341
114,26-11,24.99,24.99,24.745001000000002,24.940001000000002,24.940001000000002,8318168,2019,0.24499899999999641,-0.04999899999999613
115,27-11,25.0,25.059998999999998,24.860001,25.059998999999998,25.059998999999998,6687302,2019,0.19999799999999723,0.05999899999999769
116,28-11,25.18,25.190001000000002,24.870001000000002,24.870001000000002,24.870001000000002,5636223,2019,0.3200000000000003,-0.3099989999999977
117,29-11,25.0,25.040001,24.84,24.84,24.84,6081727,2019,0.20000100000000032,-0.16000000000000014
118,02-12,25.0,25.200001,24.82,24.99,24.99,9471254,2019,0.38000100000000003,-0.010000000000001563
119,03-12,24.809998999999998,24.85,24.575001,24.719998999999998,24.719998999999998,8881409,2019,0.2749990000000011,-0.08999999999999986
120,04-12,24.25,24.41,24.09,24.190001000000002,24.190001000000002,9806709,2019,0.3200000000000003,-0.05999899999999769
121,05-12,24.68,24.85,24.639999,24.700001,24.700001,8240303,2019,0.21000100000000188,0.0200010000000006
122,06-12,24.700001,24.790001,24.52,24.59,24.59,4160974,2019,0.2700010000000006,-0.11000100000000046
123,09-12,24.610001,24.73,24.5,24.58,24.58,3933613,2019,0.23000000000000043,-0.030001000000002165
124,10-12,24.6,24.65,24.370001000000002,24.42,24.42,3702266,2019,0.27999899999999656,-0.17999999999999972
125,11-12,24.42,24.59,24.35,24.530001000000002,24.530001000000002,5859595,2019,0.23999999999999844,0.11000100000000046
126,12-12,24.33,24.450001,24.16,24.219998999999998,24.219998999999998,7724501,2019,0.2900010000000002,-0.11000100000000046
127,13-12,24.370001000000002,24.870001000000002,24.34,24.709999,24.709999,7204353,2019,0.5300010000000022,0.3399979999999978
128,16-12,24.780001000000002,25.16,24.76,25.049999,25.049999,5439561,2019,0.3999999999999986,0.2699979999999975
129,17-12,25.0,25.16,24.870001000000002,25.08,25.08,4520010,2019,0.2899989999999981,0.0799999999999983
130,18-12,24.879998999999998,25.110001,24.83,25.030001000000002,25.030001000000002,5581929,2019,0.28000100000000216,0.1500020000000042
131,19-12,25.200001,25.200001,24.85,24.889999,24.889999,11883356,2019,0.3500009999999989,-0.3100020000000008
132,20-12,24.91,24.959999,24.76,24.799999,24.799999,11314751,2019,0.19999899999999826,-0.11000100000000046
133,23-12,24.68,24.84,24.66,24.73,24.73,2454478,2019,0.17999999999999972,0.05000000000000071
134,24-12,24.73,24.785,24.610001,24.73,24.73,1830617,2019,0.17499899999999968,0.0
135,27-12,24.709999,24.82,24.690001000000002,24.780001000000002,24.780001000000002,2296788,2019,0.12999899999999798,0.07000200000000234
136,30-12,24.780001000000002,24.860001,24.58,24.799999,24.799999,1897980,2019,0.28000100000000216,0.019997999999997518
137,31-12,24.67,24.75,24.43,24.629998999999998,24.629998999999998,3259787,2019,0.3200000000000003,-0.04000100000000373
