,Date,Open,High,Low,Close,Adj Close,Volume,Year,High-Low Diff,Open-Close Diff
138,02-01,24.440001000000002,24.6,24.42,24.549999,24.549999,2804051,2020,0.17999999999999972,0.10999799999999738
139,03-01,24.709999,24.940001000000002,24.690001000000002,24.73,24.73,3403316,2020,0.25,0.0200010000000006
140,06-01,24.6,24.690001000000002,24.41,24.629998999999998,24.629998999999998,3567678,2020,0.28000100000000216,0.029998999999996556
141,07-01,24.799999,25.030001000000002,24.77,24.950001,24.950001,4023426,2020,0.2600010000000026,0.15000200000000063
142,08-01,24.950001,25.0,24.57,24.860001,24.860001,4999690,2020,0.4299999999999997,-0.08999999999999986
143,09-01,25.0,25.129998999999998,24.83,24.889999,24.889999,6149710,2020,0.2999989999999997,-0.11000100000000046
144,10-01,25.09,25.17,25.0,25.120001000000002,25.120001000000002,3465876,2020,0.1700000000000017,0.030001000000002165
145,13-01,25.040001,25.120001000000002,24.879998999999998,25.01,25.01,2820451,2020,0.24000200000000405,-0.030000999999998612
146,14-01,25.120001000000002,25.23,25.08,25.200001,25.200001,4063238,2020,0.15000000000000213,0.0799999999999983
147,15-01,25.209999,25.290001,25.18,25.25,25.25,4679739,2020,0.11000100000000046,0.040001000000000175
148,16-01,25.4,25.469998999999998,25.290001,25.42,25.42,4803331,2020,0.17999799999999766,0.020000000000003126
149,17-01,25.59,25.674999,25.42,25.42,25.42,4711623,2020,0.254998999999998,-0.16999999999999815
150,20-01,25.450001,25.610001,25.379998999999998,25.49,25.49,4826203,2020,0.23000200000000248,0.03999899999999812
151,21-01,25.5,25.530001000000002,25.360001,25.51,25.51,4197310,2020,0.1700000000000017,0.010000000000001563
152,22-01,25.5,25.809998999999998,25.450001,25.719998999999998,25.719998999999998,5896399,2020,0.3599979999999974,0.21999899999999784
153,23-01,25.74,25.799999,25.67,25.75,25.75,3898603,2020,0.12999899999999798,0.010000000000001563
154,24-01,25.85,26.030001000000002,25.780001000000002,25.9,25.9,5378181,2020,0.25,0.04999999999999716
155,28-01,25.6,25.6,25.34,25.459999,25.459999,5906231,2020,0.26000000000000156,-0.1400010000000016
156,29-01,25.77,25.870001000000002,25.6,25.790001,25.790001,5957461,2020,0.2700010000000006,0.0200010000000006
157,30-01,25.82,25.84,25.68,25.83,25.83,6387621,2020,0.16000000000000014,0.00999999999999801
158,31-01,25.940001000000002,25.99,25.690001000000002,25.75,25.75,7906153,2020,0.29999899999999613,-0.1900010000000023
159,03-02,25.25,25.370001000000002,25.120001000000002,25.290001,25.290001,5846559,2020,0.25,0.040001000000000175
160,04-02,25.450001,25.780001000000002,25.43,25.67,25.67,6829208,2020,0.35000100000000245,0.2199990000000014
161,05-02,25.879998999999998,25.9,25.629998999999998,25.82,25.82,4627103,2020,0.2700010000000006,-0.05999899999999769
162,06-02,25.940001000000002,26.139999,25.924999,26.110001,26.110001,6748231,2020,0.21499999999999986,0.16999999999999815
163,07-02,26.15,26.18,25.85,26.030001000000002,26.030001000000002,5357922,2020,0.3299999999999983,-0.11999899999999641
164,10-02,26.08,26.09,25.805,25.950001,25.950001,3267967,2020,0.28500000000000014,-0.12999899999999798
165,11-02,26.07,26.195,26.040001,26.129998999999998,26.129998999999998,4218651,2020,0.1549990000000001,0.05999899999999769
166,12-02,26.25,26.379998999999998,26.07,26.34,26.34,9463367,2020,0.3099989999999977,0.08999999999999986
167,13-02,26.5,26.655001000000002,26.35,26.43,26.43,5805261,2020,0.30500100000000074,-0.07000000000000028
168,14-02,26.41,26.66,26.370001000000002,26.610001,26.610001,6689755,2020,0.2899989999999981,0.20000100000000032
169,17-02,26.629998999999998,26.700001,26.41,26.58,26.58,3209998,2020,0.2900010000000002,-0.04999899999999968
170,18-02,26.65,26.67,26.549999,26.65,26.65,4990434,2020,0.12000100000000202,0.0
171,19-02,26.75,26.870001000000002,26.57,26.76,26.76,8207824,2020,0.30000100000000174,0.010000000000001563
172,20-02,26.9,27.059998999999998,26.75,27.030001000000002,27.030001000000002,8131375,2020,0.3099989999999977,0.13000100000000359
173,21-02,27.030001000000002,27.290001,26.959999,27.24,27.24,5425270,2020,0.33000200000000035,0.20999899999999627
174,24-02,26.940001000000002,26.99,26.66,26.83,26.83,5165130,2020,0.3299999999999983,-0.11000100000000401
175,25-02,26.33,26.645,26.200001,26.59,26.59,8108706,2020,0.44499899999999926,0.26000000000000156
176,26-02,26.02,26.27,25.790001,26.07,26.07,9305458,2020,0.4799989999999994,0.05000000000000071
177,27-02,25.9,26.139999,25.469998999999998,25.530001000000002,25.530001000000002,8920398,2020,0.6700000000000017,-0.3699989999999964
178,28-02,25.1,25.110001,24.530001000000002,24.83,24.83,14529115,2020,0.5799999999999983,-0.2700000000000031
179,02-03,24.41,24.440001000000002,23.82,24.34,24.34,9254024,2020,0.620001000000002,-0.07000000000000028
180,03-03,24.66,24.959999,24.0,24.0,24.0,9220650,2020,0.9599989999999998,-0.6600000000000001
181,04-03,23.629998999999998,23.709999,23.07,23.209999,23.209999,9773009,2020,0.6399989999999995,-0.41999999999999815
182,05-03,23.700001,23.700001,23.1,23.24,23.24,9670624,2020,0.6000009999999989,-0.4600010000000019
183,06-03,22.809998999999998,22.9,22.129998999999998,22.139999,22.139999,9650016,2020,0.7700010000000006,-0.6699999999999982
184,09-03,20.75,21.48,20.27,20.27,20.27,13358601,2020,1.2100000000000009,-0.4800000000000004
185,10-03,19.5,21.174999,19.379998999999998,21.129998999999998,21.129998999999998,19234684,2020,1.7950000000000017,1.629998999999998
186,11-03,21.1,21.27,19.959999,19.959999,19.959999,14457005,2020,1.3100009999999997,-1.1400010000000016
187,12-03,19.6,19.870001000000002,18.26,18.26,18.26,19394539,2020,1.6100010000000005,-1.3399999999999999
188,13-03,16.799999,19.0,16.07,18.799999,18.799999,31830455,2020,2.9299999999999997,2.0
189,16-03,17.459999,17.98,16.450001,16.450001,16.450001,20770982,2020,1.529999,-1.0099979999999995
190,17-03,16.07,18.49,16.049999,18.4,18.4,21793941,2020,2.4400009999999988,2.3299999999999983
191,18-03,18.08,18.25,16.43,16.620001000000002,16.620001000000002,18588946,2020,1.8200000000000003,-1.4599989999999963
192,19-03,17.139999,17.85,15.0,15.0,15.0,28350561,2020,2.8500000000000014,-2.1399989999999995
193,20-03,15.9,16.559998999999998,15.53,16.02,16.02,22421225,2020,1.0299989999999983,0.11999999999999922
194,23-03,14.95,15.41,14.1,14.1,14.1,18966556,2020,1.3100000000000005,-0.8499999999999996
195,24-03,14.5,14.85,14.21,14.85,14.85,16337588,2020,0.6399999999999988,0.34999999999999964
196,25-03,16.0,16.68,15.62,16.57,16.57,17711774,2020,1.0600000000000005,0.5700000000000003
197,26-03,16.959999,16.99,16.139999,16.700001,16.700001,12373719,2020,0.8500009999999989,-0.2599979999999995
198,27-03,17.200001,17.370001000000002,15.47,15.47,15.47,20689923,2020,1.9000010000000014,-1.7300009999999997
199,30-03,15.47,16.780001000000002,15.4,16.780001000000002,16.780001000000002,10117975,2020,1.3800010000000018,1.3100010000000015
200,31-03,17.27,18.02,16.6,16.959999,16.959999,18647893,2020,1.4199999999999982,-0.31000099999999975
201,01-04,17.43,17.629998999999998,16.57,17.049999,17.049999,10598172,2020,1.0599989999999977,-0.38000100000000003
202,02-04,16.450001,16.49,15.96,16.15,16.15,14760407,2020,0.5299999999999976,-0.30000100000000174
203,03-04,16.4,16.43,15.66,15.79,15.79,11516122,2020,0.7699999999999996,-0.6099999999999994
204,06-04,16.110001,16.639999,15.95,16.540001,16.540001,10739137,2020,0.6899990000000003,0.4299999999999997
205,07-04,16.92,17.24,16.139999,16.32,16.32,11006767,2020,1.100000999999999,-0.6000000000000014
206,08-04,15.95,16.15,15.38,15.52,15.52,16374082,2020,0.7699999999999978,-0.4299999999999997
207,09-04,16.1,16.540001,15.8,16.540001,16.540001,11840687,2020,0.7400009999999995,0.44000099999999875
208,14-04,16.5,16.790001,16.08,16.780001000000002,16.780001000000002,9832724,2020,0.7100010000000019,0.28000100000000216
209,15-04,16.799999,16.93,16.51,16.85,16.85,8169228,2020,0.41999999999999815,0.05000100000000174
210,16-04,16.379998999999998,16.620001000000002,16.200001,16.58,16.58,9876331,2020,0.4200000000000017,0.20000100000000032
211,17-04,16.84,17.030001000000002,16.559998999999998,16.559998999999998,16.559998999999998,7921823,2020,0.47000200000000447,-0.28000100000000216
212,20-04,16.559998999999998,16.719998999999998,16.15,16.15,16.15,7946621,2020,0.5699989999999993,-0.4099989999999991
213,21-04,16.139999,16.27,15.8,15.8,15.8,9150334,2020,0.46999999999999886,-0.33999899999999883
214,22-04,15.6,16.15,15.46,16.02,16.02,8756046,2020,0.6899999999999977,0.41999999999999993
215,23-04,16.280001000000002,16.34,15.84,16.01,16.01,6978926,2020,0.5,-0.2700010000000006
216,24-04,15.89,16.27,15.85,16.02,16.02,7846723,2020,0.41999999999999993,0.129999999999999
217,27-04,15.68,15.84,15.35,15.65,15.65,12804286,2020,0.4900000000000002,-0.02999999999999936
218,28-04,15.65,16.139999,15.54,15.7,15.7,11973758,2020,0.5999990000000004,0.049999999999998934
219,29-04,15.95,16.665001,15.87,16.66,16.66,10838840,2020,0.795001000000001,0.7100000000000009
220,30-04,16.66,16.905001000000002,16.23,16.9,16.9,21390148,2020,0.6750010000000017,0.23999999999999844
221,01-05,16.49,16.51,15.75,15.75,15.75,15870960,2020,0.7600000000000016,-0.7399999999999984
222,04-05,15.62,16.219998999999998,15.53,16.15,16.15,11739628,2020,0.6899989999999985,0.5299999999999994
223,05-05,16.27,16.459999,16.190001000000002,16.450001,16.450001,7249285,2020,0.2699979999999975,0.18000100000000074
224,06-05,16.34,16.35,16.059998999999998,16.200001,16.200001,6489286,2020,0.29000100000000373,-0.13999899999999954
225,07-05,16.049999,16.1,15.85,15.85,15.85,8288031,2020,0.2500000000000018,-0.19999900000000004
226,08-05,16.17,16.23,15.73,15.73,15.73,13652243,2020,0.5,-0.4400000000000013
227,11-05,15.85,16.040001,15.79,15.81,15.81,9261915,2020,0.25000100000000103,-0.03999999999999915
228,12-05,15.76,15.82,15.46,15.5,15.5,11727476,2020,0.35999999999999943,-0.2599999999999998
229,13-05,15.35,15.56,15.2,15.56,15.56,7242807,2020,0.3600000000000012,0.21000000000000085
230,14-05,15.29,15.34,15.15,15.15,15.15,7465447,2020,0.1899999999999995,-0.1399999999999988
231,15-05,15.38,15.53,15.22,15.44,15.44,5696612,2020,0.3099999999999987,0.05999999999999872
232,18-05,15.58,15.6,15.07,15.13,15.13,7802200,2020,0.5299999999999994,-0.4499999999999993
233,19-05,15.57,15.9,15.385,15.44,15.44,11223601,2020,0.5150000000000006,-0.13000000000000078
234,20-05,15.2,15.53,15.19,15.51,15.51,5138319,2020,0.33999999999999986,0.3100000000000005
235,21-05,15.76,15.76,15.35,15.39,15.39,4957135,2020,0.41000000000000014,-0.3699999999999992
236,22-05,15.4,15.61,15.23,15.23,15.23,5463689,2020,0.379999999999999,-0.16999999999999993
237,25-05,15.4,15.6,15.34,15.59,15.59,5468146,2020,0.2599999999999998,0.1899999999999995
238,26-05,15.68,16.52,15.62,16.52,16.52,16147072,2020,0.9000000000000004,0.8399999999999999
239,27-05,16.83,18.309998999999998,16.799999,17.940001000000002,17.940001000000002,31799435,2020,1.509999999999998,1.110001000000004
240,28-05,18.709999,19.25,18.51,18.74,18.74,18595928,2020,0.7399999999999984,0.030000999999998612
241,29-05,18.5,18.51,17.889999,17.889999,17.889999,19484165,2020,0.620001000000002,-0.6100010000000005
242,01-06,17.719998999999998,18.219998999999998,17.41,18.049999,18.049999,8024480,2020,0.8099989999999977,0.33000000000000185
243,02-06,18.08,18.309998999999998,17.83,18.02,18.02,9808777,2020,0.4799989999999994,-0.05999999999999872
244,03-06,18.459999,18.969998999999998,18.290001,18.92,18.92,13359984,2020,0.6799979999999977,0.4600010000000019
245,04-06,19.549999,19.790001,18.93,19.209999,19.209999,18277509,2020,0.8600010000000005,-0.33999999999999986
246,05-06,19.4,19.870001000000002,19.290001,19.77,19.77,12625973,2020,0.5800000000000018,0.370000000000001
247,09-06,20.620001000000002,21.215,20.57,21.0,21.0,17341838,2020,0.6449999999999996,0.379998999999998
248,10-06,20.5,20.85,20.16,20.76,20.76,10522879,2020,0.6900000000000013,0.26000000000000156
249,11-06,20.1,20.299999,19.370001000000002,19.469998999999998,19.469998999999998,15259178,2020,0.9299979999999977,-0.6300010000000036
250,12-06,18.549999,19.040001,18.33,18.92,18.92,15202768,2020,0.7100010000000019,0.370001000000002
251,15-06,18.93,19.209999,18.41,18.41,18.41,10671045,2020,0.7999989999999997,-0.5199999999999996
252,16-06,19.23,19.395,18.879998999999998,19.23,19.23,12882917,2020,0.5150010000000016,0.0
253,17-06,19.41,19.43,18.84,19.16,19.16,11351469,2020,0.5899999999999999,-0.25
254,18-06,19.360001,19.360001,18.620001000000002,19.08,19.08,15703166,2020,0.7399999999999984,-0.28000100000000216
255,19-06,19.16,19.219998999999998,18.6,18.75,18.75,23261094,2020,0.6199989999999964,-0.41000000000000014
